1 2 3 4 5 6 7 8 9 10 11 12 13 14 15 12890
15 14 13 12 11 10 9 8 7 6 5 4 3 2 1 1670
77 36 66 78 95 68 92 89 10 32 11 97 46 51 48 12323
14 65 54 76 42 95 38 81 72 45 28 60 64 94 99 12321
98 72 80 85 27 41 88 68 86 15 77 40 74 79 35 141422
79 43 53 13 33 78 95 50 52 15 49 51 46 75 82 23124
73 46 10 27 38 98 86 22 32 48 55 13 58 70 23 124124
74 10 38 41 15 34 65 44 60 62 84 47 23 75 66 12424
48 65 87 27 91 60 21 18 20 61 16 88 19 76 30 24212
68 22 34 95 73 19 13 78 25 91 50 46 16 85 12 98127
31 17 78 90 43 27 57 53 92 29 48 18 59 58 56 23723
29 83 46 90 14 51 24 78 95 75 62 43 12 39 10 12344
93 47 23 44 68 72 85 52 22 90 35 43 58 50 62 12124
95 74 36 94 19 92 91 34 68 83 69 76 88 48 87 12412
73 51 30 47 40 43 74 53 96 94 92 18 91 37 44 98728